6.313849273509466453e-01 9.676382820426768783e-01 0.000000000000000000e+00
1.521607125904634039e-01 1.841496777253158745e-01 0.000000000000000000e+00
1.072245456349837367e-01 5.126232007969133697e-03 0.000000000000000000e+00
1.945208192479781495e-01 3.581119221601435365e-01 0.000000000000000000e+00
5.425313227557224671e-01 9.387367387858461809e-01 0.000000000000000000e+00
8.591912400982713860e-02 -4.638094430698591619e-02 0.000000000000000000e+00
-8.050987638619974684e-02 2.334149536588389362e-01 0.000000000000000000e+00
5.535091840101409311e-01 7.162431826550560432e-01 0.000000000000000000e+00
9.506691654618880383e-02 4.022020336508603244e-01 0.000000000000000000e+00
2.111452941469512123e-01 1.131241579267241171e-01 0.000000000000000000e+00
5.311383258396542434e-02 -9.366801757782444726e-02 0.000000000000000000e+00
4.991975940983860160e-02 -1.404766836488793857e-01 0.000000000000000000e+00
1.444943304832672359e-01 3.794794877036225533e-02 0.000000000000000000e+00
1.407757348170237677e-01 5.695085048972299280e-01 0.000000000000000000e+00
1.049246471322675817e-01 1.476757889030620441e-01 0.000000000000000000e+00
6.821791539491897649e-02 2.040729765322458755e-01 0.000000000000000000e+00
1.883793522494780215e-01 1.201648734381517286e-01 0.000000000000000000e+00
2.496016274749124075e-01 1.751292107371919538e-01 0.000000000000000000e+00
8.631209675201867437e-01 1.041858981745769741e+00 0.000000000000000000e+00
4.253773168480275979e-01 4.962462459952960425e-01 0.000000000000000000e+00
4.401746358325473452e-01 8.576295277230638892e-01 0.000000000000000000e+00
7.976400281265487724e-01 9.591839477728361096e-01 0.000000000000000000e+00
1.778325729472281236e-02 5.483936798130986667e-02 0.000000000000000000e+00
1.860727765993377691e-01 2.701978070398732279e-01 0.000000000000000000e+00
-3.935553560197871392e-02 2.656341665351704684e-01 0.000000000000000000e+00
3.516107476921961350e-01 3.133825476846511249e-01 0.000000000000000000e+00
-6.504924596460678887e-02 1.278116800573053657e-01 0.000000000000000000e+00
1.590492505385127098e-01 9.822984198880946316e-02 0.000000000000000000e+00
1.238254262622848212e-01 6.735725311168530016e-01 0.000000000000000000e+00
7.143282578936936966e-01 7.302586781654295534e-01 0.000000000000000000e+00
1.434308805391958652e-01 4.114401741852347638e-01 0.000000000000000000e+00
1.978787454669205803e-01 2.567231497774649096e-01 0.000000000000000000e+00
9.002519710549145016e-01 9.358011759469997415e-01 0.000000000000000000e+00
2.585811429597715261e-01 -2.953381042608255180e-02 0.000000000000000000e+00
2.617198651984965485e-01 1.509835281651761285e-02 0.000000000000000000e+00
1.053802403602900339e-01 2.800149444112368102e-02 0.000000000000000000e+00
1.624510399702445707e-01 6.912694329365168810e-01 0.000000000000000000e+00
-3.559286839017195003e-02 -3.016678834120273267e-02 0.000000000000000000e+00
4.423197692679409210e-01 8.389279035241844484e-01 0.000000000000000000e+00
4.491331517800596917e-01 8.528172529836373084e-01 0.000000000000000000e+00
1.010420966038762663e-01 1.533056619930774911e-01 0.000000000000000000e+00
7.345977695818869391e-01 4.941863168307057408e-01 0.000000000000000000e+00
1.583050023532435180e-01 1.847396231153105028e-01 0.000000000000000000e+00
5.907721163261638736e-02 1.955869509497970837e-01 0.000000000000000000e+00
-2.999291084915833849e-02 1.694751638636611546e-01 0.000000000000000000e+00
-3.104426080334549143e-02 2.564834019997970782e-01 0.000000000000000000e+00
5.307558786948769758e-02 1.726411976755836686e-01 0.000000000000000000e+00
2.192670896295144112e-01 3.074256414709749530e-01 0.000000000000000000e+00
6.266816533202250739e-01 7.102499204391791165e-01 0.000000000000000000e+00
4.572121253494283721e-02 4.756709448503934623e-01 0.000000000000000000e+00
1.426998659613664677e-01 3.951561622970282683e-01 0.000000000000000000e+00
1.425808678395687756e-01 -5.140522854651241591e-02 0.000000000000000000e+00
9.139986051909777809e-02 -1.714422741156711449e-01 0.000000000000000000e+00
1.196320497349573214e-01 9.049028620980151261e-02 0.000000000000000000e+00
7.446465522733111131e-01 1.138760265345076572e+00 0.000000000000000000e+00
5.765053378146062918e-02 -5.560607302173786737e-02 0.000000000000000000e+00
1.144784630670580838e-01 9.823622462949453682e-02 0.000000000000000000e+00
1.765551232408028581e-01 4.585343267518490751e-01 0.000000000000000000e+00
3.631626507412219484e-02 3.583731331254409458e-01 0.000000000000000000e+00
2.230123955093498700e-01 2.524565517322349684e-01 0.000000000000000000e+00
1.199549069354338415e-01 2.082191111596681521e-01 0.000000000000000000e+00
6.471118491301539044e-03 1.979195436438437039e-01 0.000000000000000000e+00
1.491078392210322956e-01 3.438521387207359448e-01 0.000000000000000000e+00
1.621997588222436337e-01 3.008065142035855066e-01 0.000000000000000000e+00
-2.683675538942995042e-02 -9.475871045278766447e-02 0.000000000000000000e+00
6.490769361211219668e-02 2.948971420208064131e-01 0.000000000000000000e+00
1.222753981641614696e-01 2.794437818925378791e-01 0.000000000000000000e+00
2.265003293997573663e-02 4.768590068431818874e-02 0.000000000000000000e+00
4.314968518553734950e-02 3.073396590942795159e-01 0.000000000000000000e+00
4.806206025021520639e-02 2.020341273339434363e-01 0.000000000000000000e+00
7.930321130400083685e-02 1.663940827754246399e-01 0.000000000000000000e+00
2.637816387776631410e-01 9.386702320544236811e-01 0.000000000000000000e+00
9.895949050811675418e-02 4.608544663830111410e-01 0.000000000000000000e+00
-3.935678073255652332e-02 -7.060890717594914268e-02 0.000000000000000000e+00
1.070078033892368496e-01 8.107012559981541244e-02 0.000000000000000000e+00
8.323278517179071301e-01 8.664944662232779704e-01 0.000000000000000000e+00
1.172596705570172343e-01 3.936373125652947169e-01 0.000000000000000000e+00
4.601815307120996762e-02 1.442279845233129798e-01 0.000000000000000000e+00
2.638626645755644540e-01 2.156811740292182977e-01 0.000000000000000000e+00
-4.560893891682202272e-02 1.715194844428299392e-01 0.000000000000000000e+00
-5.671447837192059027e-02 1.405491666674273388e-01 0.000000000000000000e+00
1.763662368600536212e-01 5.541097549651603504e-01 0.000000000000000000e+00
4.470874968475991446e-02 7.236370492686055034e-01 0.000000000000000000e+00
1.925842917608653893e-01 1.001644792793786876e-01 0.000000000000000000e+00
6.292328642882782930e-02 6.330468662155880333e-02 0.000000000000000000e+00
7.498397636766431784e-01 1.031099502868556117e+00 0.000000000000000000e+00
7.707041117564944477e-02 1.211072941179120038e-01 0.000000000000000000e+00
2.364149360059486504e-02 2.065470219986170475e-01 0.000000000000000000e+00
7.017257261721560058e-02 2.796348387955402970e-01 0.000000000000000000e+00
-3.269386421133135823e-02 -1.021266204998103611e-01 0.000000000000000000e+00
5.767614545090230527e-01 6.124237411135509124e-01 0.000000000000000000e+00
6.490213614687553312e-01 8.180773486748431633e-01 0.000000000000000000e+00
-5.426308664229528844e-02 2.667849837716755879e-01 0.000000000000000000e+00
3.507995924483110484e-01 2.440577977832953382e-01 0.000000000000000000e+00
-2.232518652318535302e-03 4.543421479286519071e-02 0.000000000000000000e+00
1.615524801968225010e-01 -9.260687944114331938e-03 0.000000000000000000e+00
1.446932195347227224e-01 4.922115434349851881e-01 0.000000000000000000e+00
2.917776189841275736e-01 2.813569718308850387e-01 0.000000000000000000e+00
6.859937780803214702e-01 6.421358876512512914e-01 0.000000000000000000e+00
2.073439741518866009e-01 3.445423726032922351e-01 0.000000000000000000e+00
2.048334455225668538e-01 1.873305971771954959e-01 0.000000000000000000e+00
1.248791911662591320e-01 1.688887405696523347e-01 0.000000000000000000e+00
-8.624725920501935539e-02 -2.292820734908532221e-02 0.000000000000000000e+00
1.712268286930137273e-01 3.321629553698422499e-01 0.000000000000000000e+00
2.649946241109174538e-01 8.171573359589792696e-02 0.000000000000000000e+00
-5.007075576001884798e-02 1.024051043343970624e-01 0.000000000000000000e+00
6.895440405150717045e-02 1.144433232415916907e-01 0.000000000000000000e+00
-6.407744675538956658e-02 -1.711613742439589969e-01 0.000000000000000000e+00
1.330669587379024188e-01 1.937867349884252743e-01 0.000000000000000000e+00
-7.480958250693503508e-03 4.176227838122317237e-01 0.000000000000000000e+00
6.858581936579935534e-02 7.624693225200386559e-02 0.000000000000000000e+00
8.284819275208001044e-02 1.709342399501148357e-01 0.000000000000000000e+00
5.544078041005526813e-01 8.685121669080133611e-01 0.000000000000000000e+00
-9.069447734029040253e-04 7.348436976813024768e-02 0.000000000000000000e+00
5.933465001728131794e-02 8.194450180178024234e-02 0.000000000000000000e+00
7.066153084766363390e-02 8.427841822315838838e-02 0.000000000000000000e+00
3.608038246624958867e-02 1.140858180573529751e-01 0.000000000000000000e+00
6.943637453063528087e-01 8.366593019900503414e-01 0.000000000000000000e+00
4.427372577000792536e-02 1.164318991107288481e-01 0.000000000000000000e+00
9.866718142129227154e-02 7.257862802582768502e-01 0.000000000000000000e+00
1.977753895354901204e-01 2.035777040376435254e-01 0.000000000000000000e+00
7.141324103226256992e-02 -7.979874969355454928e-03 0.000000000000000000e+00
2.086649301410692381e-01 2.300299058434084332e-01 0.000000000000000000e+00
6.103563459898558863e-01 9.937100979880530982e-01 0.000000000000000000e+00
5.939985671929850497e-01 7.396131821582909716e-01 0.000000000000000000e+00
3.244820044643925705e-02 1.772994995320775480e-01 0.000000000000000000e+00
7.307429880932569954e-02 2.612818403841137838e-01 0.000000000000000000e+00
1.287703318151557641e-02 2.000228841705805061e-01 0.000000000000000000e+00
5.249221382775786093e-01 8.151334953057672861e-01 0.000000000000000000e+00
1.091843622847744888e-01 2.824498183910214566e-01 0.000000000000000000e+00
3.105650219961199054e-01 -1.706157645976765225e-01 0.000000000000000000e+00
2.029573639019822129e-01 4.107979879740961682e-01 0.000000000000000000e+00
7.349731075419351223e-01 6.267173207755368791e-01 0.000000000000000000e+00
3.434172941422790337e-02 3.318719965542862305e-01 0.000000000000000000e+00
4.373446504957277658e-02 2.261218418405460118e-01 0.000000000000000000e+00
8.610990170378893249e-02 3.637851536932476537e-01 0.000000000000000000e+00
1.730752080609087862e-01 1.825484864943495711e-01 0.000000000000000000e+00
1.240387889906542918e-01 3.618299424757219773e-01 0.000000000000000000e+00
8.227336164540548502e-01 8.922562538382013964e-01 0.000000000000000000e+00
7.827858286749003192e-01 6.863214960435641832e-01 0.000000000000000000e+00
2.541173700356194054e-01 8.836598012463943441e-02 0.000000000000000000e+00
1.863768843367676342e-01 4.514146924150020945e-01 0.000000000000000000e+00
3.141780992439609510e-01 1.964577089683636757e-01 0.000000000000000000e+00
2.074371690658009526e-01 3.707420493369598113e-01 0.000000000000000000e+00
-1.005198829615432388e-01 6.990652852366127656e-02 0.000000000000000000e+00
4.501728171161425984e-02 1.766976776130222138e-01 0.000000000000000000e+00
1.834718300693628512e-01 4.046642289874141651e-01 0.000000000000000000e+00
6.174335190144679408e-02 4.088549840837709670e-01 0.000000000000000000e+00
2.899101374335522618e-01 3.107762061656341168e-01 0.000000000000000000e+00
1.064593316267301304e-01 9.930871472955705992e-02 0.000000000000000000e+00
2.110229594336202052e-01 2.399881637576137261e-01 0.000000000000000000e+00
2.628022468886515584e-01 2.536544477910989137e-01 0.000000000000000000e+00
2.067681484309277229e-01 5.295170889463087782e-01 0.000000000000000000e+00
3.798850893283031716e-02 -3.784343630901745859e-02 0.000000000000000000e+00
6.754345881609574720e-01 7.646716487765137238e-01 0.000000000000000000e+00
7.284176654229801429e-01 7.089585926235921765e-01 0.000000000000000000e+00
5.789442642198860955e-02 8.756823347388503764e-03 0.000000000000000000e+00
7.942951570514542592e-01 5.850408255028149984e-01 0.000000000000000000e+00
1.726513107824917403e-01 6.278185642949796197e-02 0.000000000000000000e+00
1.564289175900331064e-02 -8.421463403172368967e-02 0.000000000000000000e+00
6.423777876096977701e-01 8.366183289148702018e-01 0.000000000000000000e+00
2.132050491360848454e-01 -1.138899432745739682e-01 0.000000000000000000e+00
1.712381698933382879e-01 6.822979107775850593e-02 0.000000000000000000e+00
1.619713359377695228e-01 1.037915153990959793e-01 0.000000000000000000e+00
8.072016561842821902e-01 1.054781963297142466e+00 0.000000000000000000e+00
5.911151195301588002e-02 2.829262108804442288e-01 0.000000000000000000e+00
2.906941612105342077e-01 9.024937460459260263e-01 0.000000000000000000e+00
3.939227588070975949e-02 4.564307131603345669e-02 0.000000000000000000e+00
3.195230291858208727e-02 2.632998655093045093e-01 0.000000000000000000e+00
5.830461477754997901e-01 8.834257905881940376e-01 0.000000000000000000e+00
1.430320506606561071e-02 -8.127942350883626821e-03 0.000000000000000000e+00
2.982082476262412074e-01 3.938385509696440412e-01 0.000000000000000000e+00
9.925361766136790720e-02 -1.380775367379767915e-01 0.000000000000000000e+00
1.825488615901367240e-01 2.610700480765827947e-01 0.000000000000000000e+00
1.638721817873288189e-01 1.930152086607829776e-01 0.000000000000000000e+00
9.012039449770939958e-01 5.587766497648791741e-01 0.000000000000000000e+00
1.914209170948515115e-02 1.586608684896299581e-01 0.000000000000000000e+00
6.835375292928022040e-01 9.204531195217060535e-01 0.000000000000000000e+00
2.767756304139414869e-01 3.370150016794937198e-01 0.000000000000000000e+00
-5.168917393558594697e-02 1.439163667143937286e-01 0.000000000000000000e+00
5.930511090840856481e-02 3.083774495769193713e-01 0.000000000000000000e+00
8.599959874722015729e-02 2.398980851748192533e-01 0.000000000000000000e+00
6.514682777776756861e-01 7.375835505556691540e-01 0.000000000000000000e+00
8.441693642394104691e-02 3.801274521773213566e-01 0.000000000000000000e+00
2.108290981796040464e-02 1.018242734029713714e-01 0.000000000000000000e+00
9.174972664346829898e-01 8.748152601185750221e-01 0.000000000000000000e+00
9.323958280765333451e-02 1.708151214423227482e-01 0.000000000000000000e+00
1.407279523004655586e-01 1.840319139558625194e-01 0.000000000000000000e+00
8.502880706484807760e-01 8.282359391500396795e-01 0.000000000000000000e+00
3.372455181476553820e-02 5.609370885567517284e-01 0.000000000000000000e+00
1.845198182367081552e-01 -1.588047799484111899e-01 0.000000000000000000e+00
-7.834456679552687097e-02 3.647604607449057013e-01 0.000000000000000000e+00
1.159309060077286097e-01 3.775337090850464650e-01 0.000000000000000000e+00
2.809563345539453083e-01 -3.870636741586222507e-02 0.000000000000000000e+00
2.418083968781956083e-01 2.778070062577739918e-01 0.000000000000000000e+00
6.750817011013775515e-01 8.687663527886273496e-01 0.000000000000000000e+00
1.979008136968411213e-01 2.254291357743828661e-01 0.000000000000000000e+00
1.259618457055488583e-01 -9.655326799351338085e-02 0.000000000000000000e+00
1.167102700194690978e-01 4.223477166558662343e-01 0.000000000000000000e+00
1.838169217709814118e-01 6.052946727766164159e-01 0.000000000000000000e+00
8.878424769317184717e-01 6.710288024873606316e-01 0.000000000000000000e+00
9.319715991932169263e-01 7.809652724655248290e-01 0.000000000000000000e+00
4.581252812387193174e-01 7.075862470177848307e-01 0.000000000000000000e+00
2.313181778091209784e-01 4.608986413319169917e-01 0.000000000000000000e+00
1.327085239611117129e-01 4.058345913370186020e-01 0.000000000000000000e+00
2.203318758793267884e-01 1.195511648995421367e-01 0.000000000000000000e+00
6.998093920726042305e-02 2.105897780149617593e-01 0.000000000000000000e+00
1.768117899955197747e-01 1.836708186769113460e-01 0.000000000000000000e+00
-1.648813581392900851e-02 -5.859299202694712161e-02 0.000000000000000000e+00
-8.722841849475335141e-02 3.516936688281302459e-02 0.000000000000000000e+00
1.172966154686306828e-01 4.471319927918504522e-02 0.000000000000000000e+00
7.417611685344094319e-01 9.479952046770376839e-01 0.000000000000000000e+00
9.773323198529337841e-02 3.025957599881952120e-01 0.000000000000000000e+00
1.582354569142030709e-01 3.615811042913079643e-01 0.000000000000000000e+00
6.166540491536545154e-01 8.513419453868915632e-01 0.000000000000000000e+00
2.418081987975697345e-01 3.394327615496963713e-01 0.000000000000000000e+00
1.932931904089658648e-01 4.043923832216121950e-01 0.000000000000000000e+00
4.563001005966629137e-02 -1.861147738617268677e-01 0.000000000000000000e+00
3.798818686104722675e-02 2.323501079591948904e-01 0.000000000000000000e+00
9.712451201033969195e-01 6.491936494824224191e-01 0.000000000000000000e+00
1.533092774917695078e-02 1.923014315815956554e-01 0.000000000000000000e+00
-1.001589484201949320e-02 4.105267991036126718e-01 0.000000000000000000e+00
7.409835212256732362e-01 6.805017035466960351e-01 0.000000000000000000e+00
-1.266077110228427949e-02 1.711444564792488077e-01 0.000000000000000000e+00
1.281086979251945257e-01 3.932199119072985471e-01 0.000000000000000000e+00
1.838954845543262495e-01 5.170085088481718438e-02 0.000000000000000000e+00
-8.497209129820346152e-02 2.756798501100368726e-01 0.000000000000000000e+00
6.721824289767196481e-01 7.643728895134807022e-01 0.000000000000000000e+00
2.792483307523121461e-01 8.523680637650535852e-01 0.000000000000000000e+00
1.819495901245861413e-01 5.230471462664579296e-02 0.000000000000000000e+00
1.514811853146924014e-01 3.010705074879201359e-01 0.000000000000000000e+00
5.451184656623692115e-02 -7.191243304828903726e-02 0.000000000000000000e+00
7.503873013800874681e-01 8.998443786413056200e-01 0.000000000000000000e+00
4.499436080409968675e-02 4.103957781773062141e-01 0.000000000000000000e+00
3.009995528196168779e-02 1.549807314267977743e-01 0.000000000000000000e+00
1.310438426780168031e-01 -3.377632031578264860e-02 0.000000000000000000e+00
2.700955374753695182e-01 4.258503595151774679e-01 0.000000000000000000e+00
-8.330964782822780634e-02 1.584575682785114570e-01 0.000000000000000000e+00
1.949253672155631667e-01 2.316103186284394488e-01 0.000000000000000000e+00
3.360281092604794351e-02 -1.815994504266066900e-01 0.000000000000000000e+00
2.224680620837428957e-01 3.643533099788028307e-01 0.000000000000000000e+00
-5.834790134764242242e-02 -9.591725377907922567e-03 0.000000000000000000e+00
2.912323143343024112e-01 1.554048438390225884e-01 0.000000000000000000e+00
1.507514349606695059e-01 2.459988000934076324e-01 0.000000000000000000e+00
1.288938217470610437e-01 4.506717868502371771e-01 0.000000000000000000e+00
7.623260843903325590e-01 9.577278464628922183e-01 0.000000000000000000e+00
6.995801068326419347e-01 9.463384597765218675e-01 0.000000000000000000e+00
5.818298825569515609e-01 8.588925837792693585e-01 0.000000000000000000e+00
1.521767604681720787e-01 3.441994187972132746e-01 0.000000000000000000e+00
8.473142301225235207e-02 2.071638884394543245e-01 0.000000000000000000e+00
1.199582798104296549e-01 1.391606016446362559e-01 0.000000000000000000e+00
-1.181601937222893917e-02 6.038846818839957442e-02 0.000000000000000000e+00
2.533808912329909013e-01 1.681617917737165402e-01 0.000000000000000000e+00
2.002379248607037421e-01 1.579155617000175815e-01 0.000000000000000000e+00
5.522781592418588570e-01 6.262360916876823502e-01 0.000000000000000000e+00
-3.441353898594545768e-02 7.134048390954650376e-02 0.000000000000000000e+00
4.562735928975078514e-02 1.678305944247577008e-01 0.000000000000000000e+00
1.108949955624863176e-01 -9.123138325548219019e-02 0.000000000000000000e+00
1.468881456668977292e-01 3.731823358333927199e-02 0.000000000000000000e+00
2.115210543385786235e-01 2.720925944770718474e-01 0.000000000000000000e+00
6.597422792205106523e-01 6.650280561325411233e-01 0.000000000000000000e+00
-1.615877655815001201e-02 3.692830043512751459e-01 0.000000000000000000e+00
6.223332113635302587e-01 6.854267805999463281e-01 0.000000000000000000e+00
2.724386350815032332e-01 4.922309908323442840e-01 0.000000000000000000e+00
2.231640317741545310e-01 -2.056590700251270665e-02 0.000000000000000000e+00
7.348784933050661605e-01 7.061584160716646297e-01 0.000000000000000000e+00
9.134695997050781280e-01 8.202612219387033221e-01 0.000000000000000000e+00
8.912138748820530587e-01 1.024368938822203923e+00 0.000000000000000000e+00
1.908148933971505479e-02 2.538223969889258913e-01 0.000000000000000000e+00
7.541803640026634170e-02 1.308400491464857540e-01 0.000000000000000000e+00
-5.265524847411326426e-02 1.259408026998867225e-01 0.000000000000000000e+00
9.793795967794033386e-03 5.868547313607734850e-01 0.000000000000000000e+00
2.025026653980804003e-01 1.605899066077315362e-01 0.000000000000000000e+00
6.521042381279573696e-01 9.023298780714270606e-01 0.000000000000000000e+00
-1.980758443972274740e-02 -8.642838018427312363e-02 0.000000000000000000e+00
1.096107665591931762e-01 -1.339736914178430993e-01 0.000000000000000000e+00
6.879943977897066132e-01 8.448516229762874641e-01 0.000000000000000000e+00
6.526703518829262141e-01 8.596247680296346116e-01 0.000000000000000000e+00
2.115431998111496070e-01 1.487554471063103345e-01 0.000000000000000000e+00
-2.490191684975662234e-04 1.226483000762206704e-01 0.000000000000000000e+00
-8.197731986755973921e-02 1.856364311894689034e-01 0.000000000000000000e+00
4.003323675297983802e-02 1.467103282166193901e-01 0.000000000000000000e+00
5.124626119386262169e-02 5.585429531729583230e-01 0.000000000000000000e+00
8.826980307042487928e-01 9.474891596036302266e-01 0.000000000000000000e+00
7.339357787638230990e-01 7.987854983723811086e-01 0.000000000000000000e+00
3.031065408262327565e-02 2.918719186864644488e-01 0.000000000000000000e+00
1.506757638369395635e-01 1.419952618278328416e-01 0.000000000000000000e+00
1.242540401676514861e-01 2.487988735812704244e-01 0.000000000000000000e+00
4.244209506259195852e-02 -1.512645965837333684e-03 0.000000000000000000e+00
1.079519805284272937e+00 8.668234839130578573e-01 0.000000000000000000e+00
1.278825878779060732e-01 1.273284929464592041e-01 0.000000000000000000e+00
9.997524851905474907e-01 7.741879955825027304e-01 0.000000000000000000e+00
-2.115674803299719131e-02 2.227338275193950778e-01 0.000000000000000000e+00
1.544510106403670924e-01 -1.969013941244975308e-01 0.000000000000000000e+00
1.058161017149140903e+00 8.293132055886203169e-01 0.000000000000000000e+00
2.527423101385690707e-01 1.459292539172219738e-01 0.000000000000000000e+00
1.630333297458310127e-01 2.836774124070234882e-02 0.000000000000000000e+00
2.133683317391014689e-01 2.066454428932250620e-01 0.000000000000000000e+00
2.710659786179195896e-01 1.871194367020275751e-01 0.000000000000000000e+00
4.368155450545368329e-02 2.388197035026458637e-01 0.000000000000000000e+00
9.498492335503168071e-01 1.053709740695186081e+00 1.000000000000000000e+00
6.848969318857709432e-01 9.413118245411850049e-01 1.000000000000000000e+00
7.532000047600081460e-01 8.218895658361803358e-01 1.000000000000000000e+00
5.914705968776000633e-01 9.829010406709132175e-01 1.000000000000000000e+00
5.448607584609509447e-01 6.676241249148398005e-01 1.000000000000000000e+00
6.707206486797333556e-01 9.108804326289451359e-01 1.000000000000000000e+00
3.944640193394425842e-01 7.193512011743592449e-01 1.000000000000000000e+00
7.491549006361892804e-01 6.609927244284452552e-01 1.000000000000000000e+00
5.733208653315505776e-01 7.189851478144999586e-01 1.000000000000000000e+00
8.334594257889170743e-01 8.670149821956829594e-01 1.000000000000000000e+00
6.091078970740990695e-01 8.592214449940954735e-01 1.000000000000000000e+00
6.878125291327999991e-01 6.876462598695342043e-01 1.000000000000000000e+00
5.285918053776583747e-01 7.210255178765861972e-01 1.000000000000000000e+00
5.548528801913495956e-01 6.114951511433551756e-01 1.000000000000000000e+00
2.701882953315348779e-01 7.826868562827428155e-01 1.000000000000000000e+00
7.576847594336634240e-01 8.255500201233264557e-01 1.000000000000000000e+00
4.870291406112897126e-01 9.364671683122893775e-01 1.000000000000000000e+00
4.770289242590854961e-01 6.269755047510541246e-01 1.000000000000000000e+00
9.557040508989711469e-01 1.059348432301570275e+00 1.000000000000000000e+00
6.404059108632664810e-01 7.354158877838250508e-01 1.000000000000000000e+00
7.917712972040147346e-01 6.647355307758413545e-01 1.000000000000000000e+00
8.942424072986450145e-01 5.420666030998892992e-01 1.000000000000000000e+00
9.086777629878250995e-01 8.055168135198398360e-01 1.000000000000000000e+00
9.029049652555891647e-01 8.229813114280788433e-01 1.000000000000000000e+00
6.368688051270854356e-01 7.846829447733265628e-01 1.000000000000000000e+00
4.064646114095621932e-01 7.819064567408758881e-01 1.000000000000000000e+00
4.460066480536722944e-01 8.359705169716173945e-01 1.000000000000000000e+00
6.303463141883232090e-01 8.229015453355015275e-01 1.000000000000000000e+00
6.646638288755174484e-01 9.076757508872471680e-01 1.000000000000000000e+00
9.601960811729314260e-01 1.082784123637386298e+00 1.000000000000000000e+00
8.853925160266801209e-01 1.033951378333063609e+00 1.000000000000000000e+00
6.106670078543567914e-01 6.777583417990096226e-01 1.000000000000000000e+00
5.505123376172053051e-01 5.741217038060383304e-01 1.000000000000000000e+00
5.414982772932631638e-01 8.544406085860793976e-01 1.000000000000000000e+00
1.154997483596738039e+00 1.115379742118575379e+00 1.000000000000000000e+00
5.611313409679553610e-01 9.110515412463042750e-01 1.000000000000000000e+00
9.192864389136999881e-01 7.538888586799653568e-01 1.000000000000000000e+00
5.025416378204211609e-01 7.737959470360353809e-01 1.000000000000000000e+00
7.577096376554127710e-01 1.006159824574933914e+00 1.000000000000000000e+00
7.160652569181787941e-01 7.682770290070255470e-01 1.000000000000000000e+00
7.784386418010565967e-01 7.850676350060545872e-01 1.000000000000000000e+00
9.508593929986457194e-02 -5.366407863583672055e-02 1.000000000000000000e+00
3.792334831454661215e-01 9.205195288575822588e-01 1.000000000000000000e+00
2.723516177450094888e-01 5.787284148635903902e-01 1.000000000000000000e+00
5.797403281597894864e-01 1.122256833149475330e+00 1.000000000000000000e+00
8.250701727251563700e-02 1.010820343285775413e+00 1.000000000000000000e+00
9.564232420598088591e-02 5.365645214569001453e-01 1.000000000000000000e+00
7.754637153155573281e-02 5.110029918665131010e-01 1.000000000000000000e+00
7.307141412415029125e-01 7.965268619833983932e-01 1.000000000000000000e+00
1.091565139738954748e+00 6.067186250464795538e-01 1.000000000000000000e+00
7.032208259253509564e-01 6.644999052307916099e-01 1.000000000000000000e+00
9.668120838173186460e-01 7.585070672706729633e-01 1.000000000000000000e+00
-3.417105995965483145e-02 3.235839121119871153e-02 1.000000000000000000e+00
1.132759427978231592e+00 8.523258822559460768e-01 1.000000000000000000e+00
9.654566221028496598e-01 8.516110718982838890e-01 1.000000000000000000e+00
7.614301519339305990e-01 8.202113716161540946e-01 1.000000000000000000e+00
7.838211885186298078e-01 6.832814899436682188e-01 1.000000000000000000e+00
1.565108368875039735e-01 4.335494231952533029e-01 1.000000000000000000e+00
3.866667297882011023e-01 7.840651006863397221e-01 1.000000000000000000e+00
6.264153222492675477e-01 9.301682812733881311e-01 1.000000000000000000e+00
1.272862589629765173e-01 7.286089896771855146e-02 1.000000000000000000e+00
6.613674981672439390e-01 7.543488995934513053e-01 1.000000000000000000e+00
5.015777753413026563e-01 7.734529037686669328e-01 1.000000000000000000e+00
9.509734446505662131e-01 8.392173581608179944e-01 1.000000000000000000e+00
1.116218609688367724e+00 6.391355962683034075e-01 1.000000000000000000e+00
9.120400337394385382e-02 8.135159586083086092e-01 1.000000000000000000e+00
6.468024012402101564e-01 9.039288023162653785e-01 1.000000000000000000e+00
6.231660960567149132e-01 5.395489414411958062e-01 1.000000000000000000e+00
7.748621977439233699e-02 2.792304156412236393e-01 1.000000000000000000e+00
7.823758147438232280e-01 8.606734221902989646e-01 1.000000000000000000e+00
3.220124028038979791e-01 9.594709726148112905e-01 1.000000000000000000e+00
9.057960615062637943e-01 1.053073662573714708e+00 1.000000000000000000e+00
9.500980660223421470e-01 9.033185187635072166e-01 1.000000000000000000e+00
5.042158806259277037e-01 5.908155027106088975e-01 1.000000000000000000e+00
9.536629717687761243e-02 4.002360640689262561e-01 1.000000000000000000e+00
6.162446866016420000e-01 6.915243995440442104e-01 1.000000000000000000e+00
7.668435390838540533e-01 7.365586867086698630e-01 1.000000000000000000e+00
6.263589994764162672e-01 7.979688433186337138e-01 1.000000000000000000e+00
1.124962122633937689e+00 8.117650493352677188e-01 1.000000000000000000e+00
1.511548561651460121e-01 2.754826840732063076e-01 1.000000000000000000e+00
3.974078362552644350e-01 6.576006659318711645e-01 1.000000000000000000e+00
6.497783992447305756e-01 8.839310427050439678e-01 1.000000000000000000e+00
5.869192976020709551e-01 7.512323730571159874e-01 1.000000000000000000e+00
3.334947720988749587e-01 8.744192723406588597e-01 1.000000000000000000e+00
8.049571780134221477e-01 9.544223018563051664e-01 1.000000000000000000e+00
7.955202972186619093e-01 6.596140373162207027e-01 1.000000000000000000e+00
9.472014716665897449e-01 8.067199350200829899e-01 1.000000000000000000e+00
1.104482463644266499e+00 7.825917907291374265e-01 1.000000000000000000e+00
4.216188345774468105e-01 1.253486554874075898e+00 1.000000000000000000e+00
5.612204111403398255e-01 7.286488005278363156e-01 1.000000000000000000e+00
4.829205456599056090e-01 9.108373747998669279e-01 1.000000000000000000e+00
6.014235722483178836e-01 8.291262988284074931e-01 1.000000000000000000e+00
5.000944699146332439e-01 6.565402692865400791e-01 1.000000000000000000e+00
2.407660216241692686e-01 9.667070723828241618e-01 1.000000000000000000e+00
6.968299185897710579e-01 1.075629076369419179e+00 1.000000000000000000e+00
7.450931733394037249e-01 1.156998226100185656e+00 1.000000000000000000e+00
6.701830586152519587e-01 1.036960132962311709e+00 1.000000000000000000e+00
7.720821853944132007e-01 7.443285092668601166e-01 1.000000000000000000e+00
6.812596763813816292e-01 7.135417550237114215e-01 1.000000000000000000e+00
4.950219962200919088e-01 9.326776361639151913e-01 1.000000000000000000e+00
9.133502572291614108e-01 7.582423683903865008e-01 1.000000000000000000e+00
2.795550212095131437e-01 7.244077372749530008e-01 1.000000000000000000e+00
1.151600856234714643e+00 8.565602724817068525e-01 1.000000000000000000e+00
9.491084765759316699e-01 5.713354432982025166e-01 1.000000000000000000e+00
5.266989523485737790e-01 6.979151954534095204e-01 1.000000000000000000e+00
8.666386975593650677e-01 1.074717271545754471e+00 1.000000000000000000e+00
6.552256566475465061e-01 8.815560196637046708e-01 1.000000000000000000e+00
6.792645234866998560e-01 7.331701577111271462e-01 1.000000000000000000e+00
7.450963632842444451e-01 1.024302836116311566e+00 1.000000000000000000e+00
7.090855513528329102e-01 8.110557713355383003e-01 1.000000000000000000e+00
9.241574242401512373e-01 8.988774638129313210e-01 1.000000000000000000e+00
1.295885152694323361e+00 8.671561587295523177e-01 1.000000000000000000e+00
8.415708195144520065e-01 7.180883318353317168e-01 1.000000000000000000e+00
9.823249906638961138e-01 6.734774114728309113e-01 1.000000000000000000e+00
1.273008647035098195e-01 3.948007170180479752e-01 1.000000000000000000e+00
7.371271036992663728e-01 7.962531945397591793e-01 1.000000000000000000e+00
4.402135463598339515e-01 7.298185812302560027e-01 1.000000000000000000e+00
7.647501319145504350e-01 7.816552778998689943e-01 1.000000000000000000e+00
3.706197691779691272e-01 6.801931421802407396e-01 1.000000000000000000e+00
7.779262621613103335e-01 8.512515291101366843e-01 1.000000000000000000e+00
1.025482897082178546e+00 8.930638697645399970e-01 1.000000000000000000e+00
1.231963887423576653e-01 4.009477043745514058e-01 1.000000000000000000e+00
9.436183089496865684e-01 8.696835203446751095e-01 1.000000000000000000e+00
6.947570007774065415e-01 7.414077901117320790e-01 1.000000000000000000e+00
6.930337129866818158e-01 5.974147657974786529e-01 1.000000000000000000e+00
7.413925638147907948e-01 7.407740125283766019e-01 1.000000000000000000e+00
6.375061838315743135e-01 8.328512113315131860e-01 1.000000000000000000e+00
8.394665632714460868e-01 7.346792579240928323e-01 1.000000000000000000e+00
9.330918525953710851e-01 8.275173242041571342e-01 1.000000000000000000e+00
7.125261269173027712e-01 9.731247130264417677e-01 1.000000000000000000e+00
9.211605197184200566e-01 6.819845340083274809e-01 1.000000000000000000e+00
3.205963906210887449e-01 7.623192997219411238e-01 1.000000000000000000e+00
6.491296735443891075e-01 6.256929702844788999e-01 1.000000000000000000e+00
5.981085471017465460e-01 7.427480214316991569e-01 1.000000000000000000e+00
8.106094621468219463e-01 8.034358370486135437e-01 1.000000000000000000e+00
8.183228304176631829e-01 5.455645022627979568e-01 1.000000000000000000e+00
9.458509199477020957e-01 9.523500303088252572e-01 1.000000000000000000e+00
6.978148162431397905e-01 8.969307974550624341e-01 1.000000000000000000e+00
6.082680213104681988e-01 7.479669490364765361e-01 1.000000000000000000e+00
7.229297852150765591e-01 8.423952124566379540e-01 1.000000000000000000e+00
7.709728405644773463e-01 7.612291315360621979e-01 1.000000000000000000e+00
3.402847937269407042e-01 8.389743198332992868e-01 1.000000000000000000e+00
7.471137530418497930e-01 7.810829549490018175e-01 1.000000000000000000e+00
-4.437230959170312961e-03 3.853941213607436356e-01 1.000000000000000000e+00
7.135356387156859270e-01 6.309755816675974849e-01 1.000000000000000000e+00
2.049134528216126627e-01 7.989157250004825794e-01 1.000000000000000000e+00
4.279533415197904200e-01 7.617393494825468458e-01 1.000000000000000000e+00
6.888198551638169409e-02 6.160110143306956054e-01 1.000000000000000000e+00
7.312897589533838838e-01 8.010214929814513107e-01 1.000000000000000000e+00
8.992445453662731847e-01 4.578351259923452155e-01 1.000000000000000000e+00
-4.911629918304669107e-02 1.794927635855490533e-01 1.000000000000000000e+00
3.779102408813130864e-01 8.015172138163447757e-01 1.000000000000000000e+00
3.438034087472711664e-01 7.690342708097946955e-01 1.000000000000000000e+00
5.806992111301044757e-01 7.390211077738630951e-01 1.000000000000000000e+00
6.960134996369857774e-01 6.809866703164160207e-01 1.000000000000000000e+00
6.750582215973405242e-01 6.633575888355482952e-01 1.000000000000000000e+00
5.336318399591916117e-01 6.303180089859389268e-01 1.000000000000000000e+00
4.504640957917232513e-01 1.011634392806062932e+00 1.000000000000000000e+00
5.861009935188794540e-01 1.006862701678639338e+00 1.000000000000000000e+00
1.058813566578649334e+00 8.646451214647168371e-01 1.000000000000000000e+00
6.199849990178771808e-01 7.631700477686379491e-01 1.000000000000000000e+00
2.831155914837107934e-02 2.760877948898795564e-01 1.000000000000000000e+00
7.389827266426119978e-01 8.582759163224864540e-01 1.000000000000000000e+00
6.420870587370263172e-01 7.598613423470527151e-01 1.000000000000000000e+00
4.443981216315370242e-01 7.613107767278665117e-01 1.000000000000000000e+00
1.372260472574152068e+00 8.554787272790586039e-01 1.000000000000000000e+00
6.578546729437532159e-01 8.206202839111312874e-01 1.000000000000000000e+00
8.519565305745411266e-01 1.059319493472570040e+00 1.000000000000000000e+00
3.025225338003239006e-01 8.245306549057110912e-01 1.000000000000000000e+00
4.110336650675945891e-01 8.577056775116828069e-01 1.000000000000000000e+00
7.020184767675635706e-02 2.631360117864368631e-01 1.000000000000000000e+00
7.772391199087161917e-01 8.254610754060545119e-01 1.000000000000000000e+00
5.730173622791194799e-01 7.971144817420465767e-01 1.000000000000000000e+00
6.048027389926556863e-01 6.664058079412082947e-01 1.000000000000000000e+00
5.084951794143596215e-01 9.028934500154541798e-01 1.000000000000000000e+00
4.591630275105108572e-01 7.584623216559711611e-01 1.000000000000000000e+00
4.360931151317859467e-01 8.018071991686821498e-01 1.000000000000000000e+00
3.851863305960108175e-01 5.475739860413979532e-01 1.000000000000000000e+00
8.240753948542107743e-01 6.935674270863588786e-01 1.000000000000000000e+00
8.009396915379183302e-01 7.565075833035460606e-01 1.000000000000000000e+00
7.335020712692073008e-01 1.079590671222300902e+00 1.000000000000000000e+00
2.141562189551695083e-01 2.538840425994981498e-01 1.000000000000000000e+00
3.886971617956808678e-01 7.978167141001659690e-01 1.000000000000000000e+00
7.563893735105442495e-01 8.110701689992472208e-01 1.000000000000000000e+00
8.330935569457671441e-01 9.326431750628383366e-01 1.000000000000000000e+00
3.983346788785906423e-01 8.307094495035152182e-01 1.000000000000000000e+00
8.713775142750420644e-01 8.167528110052063584e-01 1.000000000000000000e+00
6.221766449924931441e-01 6.427670866060920529e-01 1.000000000000000000e+00
5.224295561814020772e-01 7.685024372160411676e-01 1.000000000000000000e+00
5.109353797071177761e-01 8.240823640396294225e-01 1.000000000000000000e+00
5.467799374404335166e-01 9.153218770008700877e-01 1.000000000000000000e+00
7.234733853596183595e-01 8.314153928618599476e-01 1.000000000000000000e+00
6.638787699378717599e-01 1.034388668799133937e+00 1.000000000000000000e+00
2.522528788951349243e-01 3.088324222690240761e-01 1.000000000000000000e+00
5.196071635694154978e-01 9.228203431620609631e-01 1.000000000000000000e+00
1.360440915152058283e-01 3.937075403532603879e-01 1.000000000000000000e+00
7.772020718618688484e-01 9.240707448376248578e-01 1.000000000000000000e+00
1.302766692116380798e-01 4.096204267175623803e-01 1.000000000000000000e+00
7.418467464348825757e-01 7.621017814347195163e-01 1.000000000000000000e+00
9.345115126701639685e-01 9.522955159870085673e-01 1.000000000000000000e+00
1.674858541147624669e-01 7.046661700629225367e-01 1.000000000000000000e+00
1.101976025601390408e+00 9.945057001099976146e-01 1.000000000000000000e+00
5.058305284992113959e-01 7.787123105713176230e-01 1.000000000000000000e+00
4.350113768493193422e-01 6.596110404854420572e-01 1.000000000000000000e+00
5.937329556205220848e-01 7.774586272497679973e-01 1.000000000000000000e+00
1.059090610313465075e-01 2.322515449336132187e-01 1.000000000000000000e+00
1.945363914811082395e-01 8.827833936106777024e-01 1.000000000000000000e+00
7.199735500056302362e-01 8.320379653625402661e-01 1.000000000000000000e+00
7.393713863388445828e-01 7.767688744657401667e-01 1.000000000000000000e+00
1.135256371116623253e+00 7.571958706771217962e-01 1.000000000000000000e+00
-4.211339978424016861e-03 -1.134785968983923476e-01 1.000000000000000000e+00
5.889917739817450704e-01 8.709113725593837785e-01 1.000000000000000000e+00
6.615671320755741602e-01 1.010871876498977029e+00 1.000000000000000000e+00
2.388674718403288599e-01 8.773962832495143527e-01 1.000000000000000000e+00
1.341097501162694661e-01 1.424463964018040374e-01 1.000000000000000000e+00
4.544106569497284587e-02 3.306545007739090103e-01 1.000000000000000000e+00
7.536904522694450881e-01 1.102456818469381483e+00 1.000000000000000000e+00
4.154619344189388608e-01 7.875186461093117707e-01 1.000000000000000000e+00
7.857704906289272317e-01 9.759531469919214830e-01 1.000000000000000000e+00
7.790052344318564304e-01 7.753233679357386388e-01 1.000000000000000000e+00
7.998757214318588105e-01 9.200147780553117327e-01 1.000000000000000000e+00
6.385333578996899018e-01 7.769521283416715995e-01 1.000000000000000000e+00
9.630172629854033550e-01 6.336100151253639678e-01 1.000000000000000000e+00
1.200035768259154756e-01 3.339346591012372079e-01 1.000000000000000000e+00
6.864668774890252401e-01 8.403567918470660203e-01 1.000000000000000000e+00
4.576781780075860340e-01 7.210708370960996483e-01 1.000000000000000000e+00
7.300434294152803316e-01 6.810897883282116538e-01 1.000000000000000000e+00
1.180031019052052210e+00 6.157694065260431726e-01 1.000000000000000000e+00
1.263924295807843379e-01 6.655271303184586706e-01 1.000000000000000000e+00
1.059797359532245853e+00 7.201102671813082168e-01 1.000000000000000000e+00
7.573732294724212499e-01 5.607631003441914119e-01 1.000000000000000000e+00
8.016845018409156365e-02 8.721105911766824370e-02 1.000000000000000000e+00
6.899998476292596994e-01 6.739541546664032934e-01 1.000000000000000000e+00
4.476214176862397531e-01 7.254109561571532305e-01 1.000000000000000000e+00
6.511361293975654885e-01 6.970301083803426279e-01 1.000000000000000000e+00
7.786036917772969357e-01 6.895677482459480201e-01 1.000000000000000000e+00
4.399141486772401022e-02 1.110879017305392430e-01 1.000000000000000000e+00
6.005827273869693839e-01 5.779579511987031903e-01 1.000000000000000000e+00
4.446035475483515742e-01 8.125977782827730200e-01 1.000000000000000000e+00
7.099684428498147237e-02 9.598710852696851203e-02 1.000000000000000000e+00
4.797238711302634906e-01 8.561016201539017878e-01 1.000000000000000000e+00
8.230434854898341923e-01 8.726589129538557810e-01 1.000000000000000000e+00
4.779553574241773295e-01 5.903106149099288658e-01 1.000000000000000000e+00
8.760094412802271746e-01 8.244374904857511011e-01 1.000000000000000000e+00
6.865576502232281220e-01 8.235231514466401226e-01 1.000000000000000000e+00
7.974432720678004127e-01 7.400483725418448566e-01 1.000000000000000000e+00
5.772445976993882955e-01 8.660025109727731429e-01 1.000000000000000000e+00
8.311726105627906813e-01 7.959911175146106022e-01 1.000000000000000000e+00
8.457610864867660672e-01 5.841332198341008253e-01 1.000000000000000000e+00
1.046300257568093084e+00 1.088648779828718549e+00 1.000000000000000000e+00
9.412927482004976865e-01 7.909407505235885871e-01 1.000000000000000000e+00
1.623422415486824866e-01 3.141909048217527700e-01 1.000000000000000000e+00
6.761464702015040906e-01 9.299215738885190374e-01 1.000000000000000000e+00
9.750222364901513228e-02 2.061675009099207811e-01 1.000000000000000000e+00
2.268076570558649752e-01 6.794470838731649920e-01 1.000000000000000000e+00
4.124123239599765678e-01 8.214627225646656816e-01 1.000000000000000000e+00
7.467010751871473451e-01 7.653902683349413927e-01 1.000000000000000000e+00
7.493094760172102076e-01 7.309277912939694533e-01 1.000000000000000000e+00
7.983563974659553253e-01 9.385482226730356148e-01 1.000000000000000000e+00
5.996930433165588159e-01 8.287945492655106605e-01 1.000000000000000000e+00
3.855583059381784139e-01 9.329686118931765915e-01 1.000000000000000000e+00
5.380192683293824052e-01 6.377005016543245697e-01 1.000000000000000000e+00
9.103169383073637100e-01 9.580198251589211456e-01 1.000000000000000000e+00
5.765906692697563007e-02 4.632104445408359306e-01 1.000000000000000000e+00
6.433104956804044372e-01 8.791124057866410713e-01 1.000000000000000000e+00
4.338266049296885529e-01 7.035108455217604639e-01 1.000000000000000000e+00
8.830709967431452090e-02 4.301698722308036626e-02 1.000000000000000000e+00
3.299020617803866129e-01 4.630059742020657398e-01 1.000000000000000000e+00
1.059502685718267223e+00 7.696744911864406014e-01 1.000000000000000000e+00
8.380867670047165152e-01 8.868633810650505822e-01 1.000000000000000000e+00
6.666739256483255049e-01 8.701792844702094243e-01 1.000000000000000000e+00
4.643036653714970874e-01 5.587453244056228563e-01 1.000000000000000000e+00
4.738495777108893137e-01 9.284112849522065947e-01 1.000000000000000000e+00
5.235965932528064970e-01 7.416098929764270986e-01 1.000000000000000000e+00
1.209793663479551418e-01 9.428907258186569607e-02 1.000000000000000000e+00
8.850399710739869086e-01 7.481576808315673066e-01 1.000000000000000000e+00
6.733633461121093511e-01 8.238319019923904252e-01 1.000000000000000000e+00
8.332216910542551425e-01 8.517731858462792571e-01 1.000000000000000000e+00
3.955772295949331330e-01 8.429263431096616355e-01 1.000000000000000000e+00
5.802247804196040137e-01 7.751334895084573962e-01 1.000000000000000000e+00
8.353285488402005798e-01 9.742513360618055840e-01 1.000000000000000000e+00
8.651253726763989960e-01 8.231942674344987498e-01 1.000000000000000000e+00
9.027518329575919820e-01 9.154809969882019560e-01 1.000000000000000000e+00
1.017650878450365504e+00 8.585342701832812118e-01 1.000000000000000000e+00
9.546366454862516004e-01 8.514230666879015752e-01 1.000000000000000000e+00
7.220798898302734914e-01 7.594509875685809819e-01 1.000000000000000000e+00
8.184660158990434420e-01 5.955570559982222845e-01 1.000000000000000000e+00
9.273316783967378019e-01 7.469220276266560488e-01 1.000000000000000000e+00
7.974166733526990569e-01 6.212118940483513096e-01 1.000000000000000000e+00
1.123206792384949804e-01 4.648021167983180657e-01 1.000000000000000000e+00
6.844845322033671353e-01 8.555676448570889159e-01 1.000000000000000000e+00
2.762524816053416044e-01 6.258804298894999896e-01 1.000000000000000000e+00
8.387025140408814750e-01 8.160404323004347704e-01 1.000000000000000000e+00
7.582698557894268498e-01 8.626953464687282525e-01 1.000000000000000000e+00
8.100401638439365115e-01 7.685681502819393662e-01 1.000000000000000000e+00
2.208902075220677830e-01 1.058160674440844495e+00 1.000000000000000000e+00
8.796076728096688946e-01 7.743810533400904417e-01 1.000000000000000000e+00
5.869463906608849424e-01 8.877772101905180291e-01 1.000000000000000000e+00
6.246013193764622384e-01 1.122073457365270421e+00 1.000000000000000000e+00
7.674295933439720940e-01 8.687631677684869436e-01 1.000000000000000000e+00